default/000001.bmp 1 71 32 145 168
default/000002.bmp 1 32 28 157 204
default/000003.bmp 1 83 57 91 124
default/000004.bmp 1 61 66 146 144
default/000005.bmp 1 49 43 119 127
default/000006.bmp 1 102 35 85 85
default/000007.bmp 1 48 43 67 78
default/000008.bmp 1 30 60 142 180
default/000009.bmp 1 47 56 103 118
default/000010.bmp 1 34 76 135 133
default/000011.bmp 1 49 43 149 152
default/000012.bmp 1 86 58 92 105
default/000013.bmp 1 29 65 137 176
default/000014.bmp 1 91 43 70 77
default/000015.bmp 1 23 72 148 164
default/000016.bmp 1 46 78 90 104
default/000017.bmp 1 83 25 107 117
default/000018.bmp 7 1 32 38 45 10 102 39 52 75 98 56 50 151 98 39 44 221 85 41 44 110 52 41 43 149 16 34 45
default/000019.bmp 1 56 26 140 143
default/000020.bmp 1 58 41 83 92
