rawdata/000001.bmp 1 71 32 145 168
rawdata/000002.bmp 1 32 28 157 204
rawdata/000003.bmp 1 83 57 91 124
rawdata/000004.bmp 1 61 66 146 144
rawdata/000005.bmp 1 49 43 119 127
rawdata/000006.bmp 1 102 35 85 85
rawdata/000007.bmp 1 48 43 67 78
rawdata/000008.bmp 1 30 60 142 180
rawdata/000009.bmp 1 47 56 103 118
rawdata/000010.bmp 1 34 76 135 133
rawdata/000011.bmp 1 49 43 149 152
rawdata/000012.bmp 1 86 58 92 105
rawdata/000013.bmp 1 29 65 137 176
rawdata/000014.bmp 1 91 43 70 77
rawdata/000015.bmp 1 23 72 148 164
rawdata/000016.bmp 1 46 78 90 104
rawdata/000017.bmp 1 83 25 107 117
rawdata/000018.bmp 7 1 32 38 45 10 102 39 52 75 98 56 50 151 98 39 44 221 85 41 44 110 52 41 43 149 16 34 45
rawdata/000019.bmp 1 56 26 140 143
rawdata/000020.bmp 1 58 41 83 92
